7180000035867
7180000035866
7180000035865
7180000035864
7180000037949
7180000037009
7180000036496
7180000037000
7180000040454
7180000040452
7180000039941
7180000039942
7180000040451
7180000036714
7180000037348
7180000037349
7180000037345
7180000039620
7180000037347
7180000037340
7180000037341
7180000037343
7180000039002
7180000039005
7180000040592
7180000040590
7180000038819
7180000038818
7180000038810
7180000038813
7180000035642
7180000035640
7180000035888
7180000035886
7180000035883
7180000039236
7180000040277
7180000038253
7180000038250
7180000038257
7180000038255
7180000038254
7180000040273
7180000036271
7180000039231
7180000038927
7180000038926
7180000038923
7180000038922
7180000038928
7180000036839
7180000036834
7180000036837
7180000036836
7180000036831
7180000036833
7180000036832
7180000036476
7180000037652
7180000037650
7180000036472
7180000040493
7180000040491
7180000038103
7180000038101
7180000038100
7180000038104
7180000036342
7180000036341
7180000036346
7180000036697
7180000036696
7180000036699
7180000036698
7180000036348
7180000040362
7180000040363
7180000040365
7180000036747
7180000040567
7180000040565
7180000040563
7180000038039
7180000040561
7180000038037
7180000039039
7180000038035
7180000038033
7180000037836
7180000039619
7180000037832
7180000036528
7180000039346
7180000040387
7180000039612
7180000039613
7180000040382
7180000036522
7180000039616
7180000037839
7180000038742
7180000038744
7180000038746
7180000038749
7180000038748
7180000037870
7180000037908
7180000040701
7180000039729
7180000040705
7180000039725
7180000040708
7180000039727
7180000037907
7180000039722
7180000039723
7180000040035
7180000036239
7180000036238
7180000039502
7180000039503
7180000036232
7180000036231
7180000036236
7180000040149
7180000040140
7180000040637
7180000040634
7180000040632
7180000040145
7180000040147
7180000037120
7180000037122
7180000037123
7180000037124
7180000037125
7180000037127
7180000038331
7180000038335
7180000035871
7180000037474
7180000037014
7180000037015
7180000037011
7180000037013
7180000037019
7180000039063
7180000038692
7180000038691
7180000037330
7180000037332
7180000037335
7180000036045
7180000036046
agouti_bac
7180000038166
7180000038169
7180000038047
7180000039069
7180000039184
7180000038043
7180000037487
7180000038808
7180000038809
7180000037483
7180000038516
7180000038802
7180000035652
7180000038041
7180000037489
7180000038805
7180000037245
7180000037246
7180000037241
7180000037240
7180000037243
7180000037242
7180000035896
7180000037248
7180000035890
7180000038936
7180000038937
7180000037791
7180000038935
7180000038932
7180000037796
7180000038931
7180000037799
7180000036828
7180000036826
7180000036827
7180000036820
7180000039997
7180000039996
7180000039995
7180000039991
7180000039999
7180000038950
7180000037663
7180000037660
7180000037469
7180000038241
7180000038115
7180000038116
7180000036359
7180000038112
7180000039198
7180000036354
7180000036355
7180000036356
7180000038118
7180000038119
7180000039191
7180000036353
7180000036686
7180000036684
7180000036688
7180000036689
7180000038028
7180000040552
7180000040551
7180000036609
7180000040557
7180000036756
7180000038021
7180000040558
7180000038024
7180000037803
7180000036539
7180000037801
7180000036531
7180000036533
7180000036535
7180000039375
7180000039374
7180000038750
7180000038755
7180000038758
7180000040737
7180000040735
7180000040733
7180000040731
7180000036607
7180000037935
7180000039979
7180000037932
7180000039751
7180000039750
7180000039753
7180000039976
7180000039971
7180000039754
7180000037939
7180000040041
7180000040040
7180000040045
7180000040044
7180000040046
7180000040049
7180000036845
7180000039571
7180000036225
7180000036227
7180000039575
7180000039574
7180000039578
7180000040609
7180000040608
7180000040602
7180000039409
7180000039408
7180000039400
7180000039403
7180000039402
7180000038606
7180000036031
7180000038568
7180000037062
7180000037067
7180000037066
7180000037069
7180000037068
7180000035799
7180000035793
7180000037328
7180000037324
7180000038837
7180000037491
7180000037492
7180000037495
7180000037497
7180000039801
7180000037253
7180000039969
7180000037928
7180000037788
7180000037789
7180000037784
7180000037780
7180000037783
7180000038903
7180000038901
7180000038904
7180000039962
7180000036819
7180000036813
7180000036811
7180000036816
7180000036815
7180000036814
7180000038340
7180000038343
7180000038349
7180000039984
7180000039986
7180000037678
7180000037672
7180000037673
7180000037674
7180000037675
7180000037676
7180000037478
7180000037479
7180000038233
7180000037472
7180000038234
7180000037470
7180000036328
7180000038163
7180000038690
7180000038165
7180000038695
7180000038694
7180000039180
7180000036323
7180000036322
7180000036325
7180000036327
7180000036326
7180000036177
7180000040548
7180000040549
7180000040544
7180000040547
7180000040542
7180000040543
7180000038587
7180000038585
7180000038584
7180000038583
7180000038582
7180000038580
7180000038589
7180000038588
7180000039367
7180000039361
7180000039363
7180000038766
7180000039565
7180000039369
7180000038761
7180000036035
7180000036034
7180000036037
7180000038569
7180000036030
7180000036033
7180000036782
7180000036781
7180000036787
7180000038560
7180000040728
7180000040722
7180000040724
7180000040725
7180000040727
7180000037922
7180000039749
7180000039968
7180000037927
7180000039966
7180000039967
7180000039964
7180000039741
7180000039746
7180000039747
7180000040052
7180000040053
7180000040050
7180000040051
7180000040056
7180000040055
7180000040059
7180000039562
7180000036252
7180000036255
7180000036256
7180000039568
7180000040615
7180000040610
7180000040613
7180000037814
7180000037816
7180000040619
7180000039419
7180000039417
7180000039415
7180000039412
7180000039411
7180000038029
7180000037077
7180000040200
7180000036047
7180000037316
7180000037315
7180000037310
7180000037319
7180000038821
7180000038822
7180000037712
7180000037263
7180000037262
7180000037261
7180000037267
7180000037266
7180000037264
7180000037269
7180000037268
7180000037714
7180000038914
7180000038916
7180000038917
7180000038912
7180000038913
7180000036051
7180000036805
7180000036800
7180000038357
7180000038355
7180000038353
7180000038350
7180000039048
7180000037685
7180000037684
7180000037681
7180000037680
7180000036690
7180000037449
7180000037443
7180000037441
7180000038226
7180000038227
7180000038224
7180000038172
7180000036339
7180000038176
7180000038177
7180000038174
7180000038175
7180000036330
7180000036331
7180000039179
7180000036334
7180000039881
7180000039885
7180000039887
7180000040538
7180000040530
7180000040537
7180000038590
7180000038592
7180000038593
7180000039314
7180000039319
7180000038774
7180000036794
7180000036027
7180000039083
7180000039082
7180000036790
7180000036023
7180000036792
7180000038579
7180000038573
7180000036028
7180000040285
7180000040284
7180000040283
7180000040282
7180000040445
7180000039776
7180000040447
7180000040446
7180000040440
7180000040443
7180000039950
7180000040449
7180000039956
7180000039229
7180000040268
7180000039559
7180000039558
7180000040265
7180000039556
7180000039555
7180000040266
7180000040261
7180000039223
7180000039550
7180000036248
7180000040406
7180000039791
7180000039790
7180000039792
7180000036746
7180000040661
7180000040192
7180000040191
7180000040662
7180000040197
7180000040196
7180000040195
7180000037860
7180000037865
7180000037866
7180000036741
7180000038871
7180000039429
7180000039428
7180000039422
7180000039427
7180000039426
7180000040069
7180000040067
7180000040063
7180000040060
7180000039261
7180000036284
7180000039262
7180000037049
7180000037047
7180000037045
7180000037044
7180000037041
7180000039264
7180000039349
7180000040386
7180000039347
7180000037073
7180000039342
7180000035935
7180000037301
7180000035937
7180000035936
7180000037304
7180000036521
7180000037306
7180000035932
7180000037308
7180000035939
7180000037177
7180000035680
7180000037278
7180000037279
7180000037275
7180000037276
7180000037277
7180000037270
7180000037273
7180000038969
7180000038968
7180000038966
7180000035663
7180000035757
7180000036872
7180000036874
7180000036877
7180000036879
7180000038363
7180000038362
7180000038360
7180000038369
7180000036158
7180000037696
7180000037697
7180000037694
7180000037693
7180000037690
7180000037698
7180000037454
7180000038216
7180000038215
7180000037457
7180000037450
7180000038212
7180000038211
7180000038210
7180000036904
7180000036906
7180000036307
7180000036654
7180000036304
7180000039162
7180000036302
7180000036653
7180000036652
7180000036309
7180000039898
7180000039893
7180000039890
7180000039897
7180000039894
7180000040528
7180000040529
7180000040522
7180000040520
7180000040521
7180000040527
7180000040524
7180000039721
7180000038785
7180000038784
7180000039300
7180000038780
7180000039304
7180000039305
7180000039308
7180000039309
7180000036013
7180000039090
7180000038548
7180000039094
7180000039095
7180000038541
7180000039099
7180000038544
7180000040292
7180000040293
7180000040296
7180000040299
7180000039761
7180000036495
7180000039947
7180000036493
7180000036492
7180000036491
7180000039943
7180000039769
7180000038142
7180000038140
7180000039548
7180000039549
7180000036918
7180000036279
7180000036278
7180000040276
7180000039541
7180000040274
7180000040275
7180000039233
7180000040270
7180000040271
7180000036478
7180000039788
7180000039789
7180000039785
7180000036470
7180000036473
7180000039781
7180000040188
7180000040189
7180000040180
7180000040672
7180000040673
7180000037879
7180000040677
7180000040674
7180000037873
7180000040678
7180000036311
7180000039434
7180000039435
7180000039436
7180000039431
7180000039432
7180000039433
7180000039157
7180000036776
7180000036315
7180000039155
7180000037887
7180000038122
7180000040079
7180000037885
7180000040071
7180000040077
7180000037059
7180000037050
7180000037052
7180000037056
7180000035923
7180000035928
7180000035699
7180000037201
7180000037200
7180000037202
7180000037205
7180000037207
7180000037206
7180000040144
7180000040633
7180000040457
7180000038970
7180000036459
7180000038977
7180000038975
7180000037514
7180000037510
7180000035741
7180000036860
7180000036861
7180000036866
7180000036867
7180000036865
7180000037427
7180000037633
7180000037420
7180000037425
7180000037424
7180000038206
7180000037426
7180000036916
7180000036917
7180000036910
7180000039152
7180000036644
7180000036645
7180000036314
7180000036643
7180000036316
7180000036317
7180000039159
7180000039158
7180000036648
7180000036649
7180000040453
7180000039703
7180000040516
7180000040514
7180000040512
7180000040510
7180000037734
7180000038376
7180000037736
7180000037731
7180000038371
7180000038372
7180000038797
7180000036004
7180000036000
7180000036001
7180000038556
7180000038552
7180000038553
7180000039709
7180000038559
7180000038699
7180000040463
7180000040462
7180000040461
7180000040460
7180000036484
7180000040466
7180000036486
7180000040464
7180000039939
7180000039938
7180000040468
7180000036268
7180000040249
7180000036260
7180000039202
7180000036262
7180000039200
7180000039207
7180000040246
7180000039205
7180000039204
7180000037991
7180000037993
7180000037992
7180000037995
7180000037997
7180000036469
7180000037999
7180000036462
7180000036463
7180000040648
7180000040643
7180000040642
7180000037847
7180000037845
7180000039849
7180000037842
7180000039339
7180000039337
7180000039847
7180000039334
7180000039333
7180000039840
7180000039331
7180000039330
7180000037199
7180000037191
7180000037193
7180000037192
7180000037194
7180000039443
7180000039449
7180000039448
7180000040342
7180000040081
7180000040082
7180000040089
7180000040340
7180000039381
7180000040344
7180000040311
7180000039933
7180000040467
7180000039937
7180000039936
7180000039012
7180000035917
7180000038151
7180000039016
7180000039209
7180000036962
7180000039358
7180000037212
7180000037210
7180000037214
7180000039831
7180000039201
7180000038945
7180000038943
7180000038942
7180000038940
7180000040244
7180000038948
7180000035779
7180000037505
7180000037500
7180000035773
7180000036855
7180000036852
7180000037508
7180000036850
7180000039636
7180000039637
7180000036466
7180000038720
7180000038891
7180000037433
7180000038893
7180000038892
7180000038895
7180000037437
7180000038898
7180000037438
7180000037439
7180000036926
7180000036673
7180000036672
7180000038417
7180000038416
7180000038411
7180000036676
7180000038413
7180000036674
7180000036679
7180000038419
7180000038418
7180000040500
7180000040504
7180000040507
7180000038091
7180000038090
7180000038095
7180000037898
7180000038309
7180000038308
7180000037726
7180000038303
7180000037725
7180000038305
7180000038307
7180000037721
7180000036070
7180000036073
7180000036072
7180000036077
7180000036076
7180000040245
7180000038522
7180000038525
7180000038527
7180000040478
7180000040476
7180000040471
7180000040473
7180000039923
7180000039149
7180000039924
7180000039146
7180000040254
7180000040255
7180000039216
7180000040251
7180000039219
7180000037982
7180000037983
7180000037980
7180000036458
7180000038639
7180000037987
7180000036103
7180000038635
7180000038634
7180000038637
7180000036109
7180000038632
7180000040658
7180000039846
7180000039332
7180000039328
7180000037853
7180000037854
7180000037849
7180000039859
7180000039320
7180000037963
7180000039324
7180000039853
7180000039850
7180000036586
7180000037189
7180000037180
7180000035802
7180000039452
7180000039453
7180000039450
7180000039454
7180000039455
7180000036321
7180000040094
7180000040092
7180000040093
7180000040099
7180000037446
7180000037445
7180000035900
7180000035902
7180000038171
7180000039171
7180000039170
7180000039520
7180000036212
7180000036336
7180000037225
7180000037224
7180000037223
7180000037221
7180000037228
7180000040278
7180000038951
7180000038954
7180000038956
7180000038958
7180000036848
7180000037532
7180000037531
7180000037530
7180000035760
7180000035762
7180000035763
7180000036840
7180000036841
7180000036842
7180000035769
7180000036846
7180000036847
7180000037409
7180000037407
7180000037406
7180000036935
7180000038880
7180000036937
7180000038886
7180000036933
7180000038888
7180000036938
7180000038407
7180000038405
7180000038403
7180000038400
7180000038089
7180000038083
7180000038080
7180000038084
7180000038318
7180000037718
7180000038313
7180000038310
7180000037710
7180000038317
7180000038315
7180000039044
7180000036069
7180000039041
7180000039040
7180000039043
7180000039042
7180000036063
7180000037619
7180000036067
7180000038536
7180000038534
7180000038450
7180000038538
7180000038539
7180000039918
7180000039916
7180000040402
7180000039912
7180000040407
7180000039910
7180000036639
7180000036665
7180000039133
7180000036638
7180000039135
7180000036662
7180000039136
7180000039593
7180000039260
7180000039591
7180000040222
7180000040225
7180000040224
7180000039595
7180000036281
7180000036116
7180000036445
7180000036115
7180000036113
7180000036111
7180000038626
7180000038627
7180000038624
7180000036448
7180000036118
7180000036119
7180000037940
7180000039687
7180000039686
7180000036598
7180000039868
7180000039683
7180000039681
7180000039680
7180000036593
7180000036590
7180000039860
7180000040319
7180000040318
7180000039689
7180000036595
7180000040139
7180000040138
7180000039469
7180000039468
7180000039467
7180000040134
7180000040137
7180000040136
7180000040133
7180000039460
7180000039668
7180000039664
7180000037881
7180000037880
7180000039661
7180000039660
7180000039663
7180000037884
7180000036795
7180000039085
7180000036020
7180000036021
7180000037083
7180000040694
7180000037085
7180000036385
7180000040692
7180000035973
7180000035972
7180000035977
7180000037158
7180000037155
7180000037156
7180000037233
7180000037234
7180000037236
7180000037237
7180000037238
7180000037239
7180000039766
7180000040380
7180000038770
7180000037790
7180000037529
7180000037526
7180000037521
7180000035711
7180000038687
7180000035714
7180000035719
7180000038681
7180000040107
7180000037419
7180000037410
7180000037411
7180000037412
7180000039557
7180000036943
7180000036944
7180000036946
7180000038433
7180000038432
7180000038431
7180000038430
7180000038437
7180000038435
7180000038434
7180000038438
7180000039222
7180000038327
7180000037706
7180000036568
7180000038323
7180000038322
7180000037702
7180000038981
7180000038987
7180000038985
7180000038708
7180000039056
7180000036056
7180000036726
7180000036053
7180000038058
7180000038509
7180000036050
7180000038054
7180000038505
7180000038056
7180000038051
7180000039684
7180000038053
7180000038052
7180000039908
7180000039900
7180000040413
7180000039903
7180000040416
7180000040415
7180000036619
7180000038182
7180000038185
7180000039122
7180000039123
7180000036615
7180000036616
7180000040232
7180000039270
7180000040236
7180000039277
7180000039279
7180000036123
7180000036430
7180000038618
7180000036127
7180000036436
7180000038613
7180000036129
7180000036128
7180000038614
7180000039690
7180000039691
7180000039877
7180000039870
7180000039696
7180000040301
7180000039698
7180000039878
7180000039879
7180000040309
7180000039478
7180000039479
7180000039472
7180000039475
7180000040121
7180000037896
7180000037892
7180000036547
7180000039672
7180000036540
7180000036542
7180000037868
7180000035899
7180000039588
7180000039586
7180000039587
7180000039581
7180000037095
7180000037090
7180000038519
7180000035963
7180000035960
7180000035961
7180000035966
7180000035967
7180000037149
7180000037146
7180000037140
7180000038321
7180000035817
7180000039057
7180000039055
7180000037550
7180000037552
7180000038111
7180000035702
7180000035706
7180000035707
7180000035704
7180000037398
7180000037396
7180000037393
7180000039196
7180000038504
7180000036350
7180000036728
7180000036352
7180000036058
7180000035639
7180000035636
7180000035637
7180000036952
7180000036950
7180000039109
7180000036955
mc1r_bac
7180000038994
7180000037770
7180000037775
7180000037774
7180000037776
7180000038998
7180000038999
7180000036736
7180000039062
7180000036732
7180000039066
7180000036730
7180000039064
7180000038511
7180000038044
7180000039068
7180000038514
7180000038515
7180000038040
7180000038517
7180000040427
7180000040426
7180000040425
7180000040422
7180000040421
7180000038197
7180000038191
7180000038192
7180000039117
7180000039114
7180000038428
7180000039112
7180000038424
7180000037607
7180000037606
7180000036606
7180000037600
7180000037603
7180000038423
7180000037957
7180000037956
7180000036138
7180000037950
7180000036136
7180000036137
7180000037959
7180000036420
7180000036426
7180000036427
7180000036425
7180000036428
7180000038608
7180000040681
7180000037570
7180000040685
7180000040684
7180000040333
7180000040332
7180000040338
7180000039485
7180000039484
7180000039487
7180000039483
7180000039482
7180000040113
7180000040110
7180000039489
7180000040114
7180000039649
7180000039648
7180000039642
7180000036554
7180000039647
7180000036551
7180000039059
7180000036859
7180000039249
7180000039248
7180000039247
7180000039245
7180000039244
7180000040203
7180000040202
7180000039241
7180000039240
7180000036851
7180000039276
7180000037509
7180000039554
7180000037040
7180000035956
7180000040239
7180000035951
7180000036536
7180000037178
7180000037171
7180000037170
7180000036285
7180000037174
7180000036416
7180000036435
7180000035824
7180000036022
7180000039543
7180000036283
7180000037548
7180000037549
7180000035739
7180000037541
7180000037546
7180000035732
7180000036893
7180000036892
7180000039545
7180000037436
7180000037381
7180000037384
7180000037386
7180000037387
7180000040465
7180000038855
7180000039874
7180000038856
7180000038851
7180000038852
7180000036965
7180000038858
7180000036961
7180000038506
7180000038894
7180000039697
7180000038293
7180000038290
7180000040671
7180000037300
7180000039970
7180000037761
7180000039973
7180000037765
7180000037768
7180000037769
7180000037305
7180000038079
7180000036700
7180000036707
7180000035933
7180000036705
7180000038071
7180000037307
7180000038076
7180000038075
7180000040431
7180000040435
7180000040438
7180000040439
7180000039100
7180000036636
7180000039103
7180000039104
7180000036632
7180000039106
7180000036630
7180000038451
7180000037617
7180000038453
7180000038457
7180000038456
7180000036148
7180000037945
7180000037942
7180000036419
7180000036140
7180000036415
7180000036145
7180000036412
7180000036411
7180000036146
7180000038670
7180000038673
7180000040698
7180000038674
7180000036387
7180000040696
7180000039477
7180000040690
7180000036381
7180000040693
7180000040324
7180000040325
7180000040326
7180000040327
7180000040320
7180000039812
7180000039813
7180000039811
7180000039816
7180000039814
7180000039818
7180000039077
7180000039072
7180000039073
7180000038415
7180000039495
7180000039493
7180000039490
7180000039491
7180000040109
7180000039498
7180000039654
7180000039655
7180000039657
7180000038709
7180000039651
7180000039652
7180000039653
7180000038706
7180000039658
7180000039659
7180000036565
7180000036099
7180000036098
7180000036675
7180000036092
7180000036091
7180000036090
7180000036097
7180000036094
7180000040219
7180000039250
7180000039251
7180000040744
7180000040743
7180000039033
7180000035942
7180000035943
7180000035944
7180000035946
7180000035947
7180000035949
7180000037165
7180000037167
7180000037160
7180000037161
7180000035833
7180000037576
7180000039303
7180000037577
7180000035729
7180000036888
7180000037571
7180000039873
7180000035721
7180000036886
7180000036887
7180000036882
7180000037641
7180000037377
7180000037376
7180000037373
7180000037378
7180000037642
7180000038846
7180000036979
7180000038845
7180000038841
7180000036970
7180000036975
7180000037283
7180000037285
7180000037720
7180000037287
7180000037289
7180000038288
7180000038289
7180000038281
7180000038285
7180000039737
7180000039736
7180000037759
7180000037758
7180000037756
7180000037755
7180000037754
7180000037752
7180000037598
7180000037595
7180000037590
7180000037593
7180000038064
7180000038066
7180000038135
7180000038061
7180000038062
7180000038063
7180000038133
7180000038523
7180000036620
7180000037629
7180000036624
7180000036626
7180000036627
7180000036628
7180000038443
7180000037621
7180000038441
7180000037627
7180000038444
7180000039715
7180000037972
7180000039717
7180000037970
7180000037977
7180000037976
7180000036152
7180000036401
7180000036150
7180000036403
7180000039719
7180000039718
7180000036154
7180000038660
7180000038661
7180000038664
7180000036390
7180000038668
7180000038669
7180000036394
7180000036396
7180000039399
7180000039829
7180000039828
7180000040351
7180000039390
7180000039825
7180000039824
7180000039823
7180000040357
7180000040356
7180000039008
7180000040599
7180000040597
7180000039000
7180000036717
7180000036710
7180000036711
7180000040591
7180000036713
7180000040170
7180000040172
7180000040174
7180000040177
7180000036575
7180000039189
7180000036577
7180000036571
7180000036572
7180000039626
7180000039628
7180000036578
7180000036579
7180000038710
7180000036080
7180000036081
7180000036082
7180000036083
7180000040009
7180000040008
7180000036731
7180000036629
7180000040005
7180000040007
7180000040006
7180000040000
7180000039538
7180000039535
7180000039537
7180000039531
7180000039533
7180000039532
7180000039027
7180000036778
ruf_bac_7180000001765
7180000039024
7180000040573
7180000037113
7180000037115
7180000037114
7180000037118
7180000039001
7180000036775
7180000039590
7180000036294
7180000036647
7180000035846
7180000039641
7180000037820
7180000037025
7180000037026
7180000037022
7180000039603
7180000037561
7180000037562
7180000037563
7180000037567
7180000037568
7180000037569
7180000035999
7180000037363
7180000036104
7180000035993
7180000035992
7180000035991
7180000035990
7180000035997
7180000035996
7180000035995
7180000036739
7180000036516
7180000035660
7180000036987
7180000038870
7180000038874
7180000035669
7180000038631
7180000038879
7180000038878
7180000037293
7180000037294
7180000038277
7180000038271
7180000038273
7180000037533
7180000037748
7180000037588
7180000037589
7180000037585
7180000037582
7180000037583
7180000037580
7180000037581
7180000038010
7180000038012
7180000038015
7180000038014
7180000038017
7180000038016
7180000038380
7180000038382
7180000036589
7180000038477
7180000038476
7180000037630
7180000038471
7180000038470
7180000036597
7180000037638
7180000038479
7180000038478
7180000036724
7180000036634
7180000036165
7180000036164
7180000038129
7180000038128
7180000039701
7180000038657
7180000039393
7180000038126
7180000038652
7180000038123
7180000038650
7180000036365
7180000037911
7180000036367
7180000036366
7180000036361
7180000036360
7180000036363
7180000038497
7180000038490
7180000038493
7180000036633
7180000039839
7180000039388
7180000039392
7180000039830
7180000039383
7180000039832
7180000039833
7180000039834
7180000039835
7180000039384
7180000039385
7180000036769
7180000040589
7180000039019
7180000036761
7180000036760
7180000036763
7180000040584
7180000036764
7180000036766
7180000037979
7180000040165
7180000040169
7180000038729
7180000038728
7180000036505
7180000036504
7180000039634
7180000036506
7180000036509
7180000036508
7180000039638
7180000036631
7180000038727
7180000036267
7180000037964
7180000037965
7180000037966
7180000037967
7180000037451
7180000040019
7180000036219
7180000039528
7180000036215
7180000039524
7180000039522
7180000036210
7180000036213
7180000039521
7180000036185
7180000036181
7180000036180
7180000040371
7180000039166
7180000039167
7180000037103
7180000037101
7180000037107
7180000037104
7180000036200
7180000035859
7180000037831
7180000037035
7180000037033
7180000037030
7180000037031
7180000039630
7180000035984
7180000037352
7180000037350
7180000037359
7180000038864
7180000038866
7180000040627
7180000036997
7180000035670
7180000037947
7180000038836
7180000040621
7180000035678
7180000038267
7180000038263
7180000038260
7180000039193
7180000038830
7180000038269
7180000038002
7180000038000
7180000037841
7180000038006
7180000038004
7180000038392
7180000038393
7180000038390
7180000038391
7180000038394
7180000038395
7180000038398
7180000037399
7180000038446
7180000036276
7180000038460
7180000038461
7180000038463
7180000037645
7180000037625
7180000038466
7180000038467
7180000037649
7180000038648
7180000036171
7180000039730
7180000040485
7180000040484
7180000040487
7180000038139
7180000038136
7180000039852
7180000038134
7180000039738
7180000038132
7180000038645
7180000038646
7180000036376
7180000036375
7180000036371
7180000038484
7180000038485
7180000038483
7180000038480
7180000038481
7180000036274
7180000040379
7180000040575
7180000039025
7180000040576
7180000039023
7180000039021
7180000036772
7180000036773
7180000036770
7180000036771
7180000040579
7180000040578
7180000039028
7180000037825
7180000036404
7180000037978
7180000037821
7180000040398
7180000037823
7180000039608
7180000039607
7180000036156
7180000040396
7180000037829
7180000039350
7180000038735
7180000036510
7180000038730
7180000036406
7180000036514
7180000038733
7180000036519
7180000038739
7180000038549
7180000037919
7180000039281
7180000039280
7180000039287
7180000039286
7180000040717
7180000040716
7180000040719
7180000037915
7180000037914
7180000037917
7180000036306
7180000040029
7180000040023
7180000040022
7180000036014
7180000039513
7180000039510
7180000039517
7180000036019
7180000039515
7180000036018
7180000036198
7180000036191
7180000040629
7180000040628
7180000040159
7180000040157
7180000040624
7180000040155
7180000040154
7180000040153
7180000040620
7180000037139
7180000037138
7180000037133
7180000036143
7180000037948
7180000040353
